
1,1,1,1,1,3,2,2,2,2,2,9
1,1,1,1,1,3,2,2,2,2,2,9
1,1,1,1,1,3,2,2,2,2,2,9
1,1,1,1,1,3,2,2,2,2,2,9
1,1,1,1,1,3,2,2,2,2,2,9
1,1,1,1,1,3,2,2,2,2,2,9
1,1,1,1,1,3,2,2,2,2,2,9
1,1,1,1,1,3,2,2,2,2,2,9
1,1,1,1,1,3,2,2,2,2,2,9
1,1,1,1,1,3,2,2,2,2,2,9
1,1,1,1,1,3,2,2,2,2,2,9
1,1,1,1,1,3,2,2,2,2,2,9
1,1,1,1,1,3,2,2,2,2,2,9
1,1,1,1,1,3,2,2,2,2,2,9
1,1,1,1,1,3,2,2,2,2,2,9
1,1,1,1,1,3,2,2,2,2,2,9
1,1,1,1,1,3,2,2,2,2,2,9
1,1,1,1,1,3,2,2,2,2,2,9
,1,1,1,1,1,3,2,2,2,2,2,9
,2,2,2,1,1,5,2,2,2,2,2,4
,2,2,2,1,1,5,2,2,2,2,2,4
,2,2,2,1,1,5,2,2,2,2,2,4
,2,2,2,1,1,5,2,2,2,2,2,4
,2,2,2,1,1,5,2,2,2,2,2,4
,2,2,2,1,1,5,2,2,2,2,2,4
106,1,1,1,1,1,5,2,2,2,2,2,9
106,1,1,1,1,1,4,2,2,2,2,2,9
,4.1:1,4.17:2,4.18:2,4.19:1,4.20:2,5:4,7.1:2,7.2:1,7.10:1,7.14:2,7.15:1,8:10
