5,0
,0,3,4,3#1#0#,2983#383#2033#,### 
5,0
,1,2,10,6#1#,2534#2182#,## 
5,0
,2,2,10,6#1#,766#1149#,## 
5,0
,3,3,10,5#1#1#,950#2333#1067#,### 
7,2,1,2,5,5#0#,3546#1433#,## 
7,2,2,3,3,3#0#0#,3334#2051#2082#,### 
7,2,3,7,10,2#2#0#0#0#0#3#,2017#866#800#833#1082#999#866#,####### 
7,2,4,3,10,4#2#1#,2066#983#1251#,### 
7,2,5,5,10,3#1#1#1#1#,5233#1133#766#683#699#,##### 
7,2,6,3,5,2#2#1#,1334#1850#2150#,### 
7,2,7,8,10,1#1#1#3#0#0#0#1#0#,1365#651#816#1082#282#284#250#2899#Fri Apr 24 2020 13:43:14 GMT-0400 (Eastern Daylight Time)#,######### 
7,2,8,2,10,6#1#,2499#1850#,## 
7,2,9,2,4,1#3#,884#816#,## 
7,2,0,3,10,4#1#2#,2033#1351#1933#,### 
7,2,1,4,10,5#1#0#1#,1050#1165#1968#1782#,#### 
7,2,2,3,10,5#1#1#,1466#1334#1435#,### 
7,2,3,2,10,6#1#,965#1367#,## 
15,2,0,3,5,0#5#0#,266#999#333#,### 
15,2,1,3,0,0#0#0#,1549#2098#583#,### 
29,0,0,2,10,2#5#,852#1284#,## 
29,0,1,3,6,0#4#2#,1583#967#1216#,### 
29,0,2,1,1,1#,4167#,# 
29,0,3,3,4,1#1#2#,430#966#2083#,### 
30,1,0,3,3,1#0#2#,1200#2134#1066#,###,0,5,0.9,10,9,1,1
30,1,1,1,3,3#,1666#,#,1,5,0.8,10,8,1,1
30,1,2,3,4,0#1#3#,1799#349#318#,###,0,5,0.7,5,3.5,0,0
30,1,3,2,10,2#5#,2466#3701#,##,0,5,0.7,15,10.5,1,1
31,0,0,3,10,5#1#1#,2333#1632#1201#,###,0,1,0.9,2,1.8,1,1
35,0,0,3,1,1#0#0#,1117#483#1100#,###,0,1,0.9,2,1.8,1,1
41,0,0,1,10,7#,682#,#,0,1,0.9,2,1.8,1,1
41,0,0,3,6,4#2#0#,1115#866#217#,###,1,1,0.9,2,1.8,1,1
41,0,1,3,3,0#3#0#,284#799#616#,###,0,1,0.8,2,1.6,1,1
41,0,0,3,10,3#1#3#,883#898#817#,###,0,1,0.9,2,1.8,1,1
42,1,0,4,10,2#3#1#1#,1254#549#1416#2335#,####,0,5,0.9,10,9,1,1
42,1,1,1,10,7#,1017#,#,0,5,0.8,10,8,1,1
42,1,2,3,10,2#4#1#,2500#1266#1184#,###,0,5,0.7,5,3.5,0,0
42,1,3,3,10,4#1#2#,1366#1416#1416#,###,0,5,0.7,15,10.5,1,1
42,1,4,4,10,2#3#1#1#,964#1368#1517#1584#,####,0,5,0.6,15,9,1,0
42,1,5,3,10,4#1#2#,3850#1212#1199#,###,0,5,0.6,20,12,1,1
42,1,6,3,10,5#1#1#,1033#1234#733#,###,0,5,0.5,15,7.5,1,1
42,1,0,2,10,4#3#,1333#613#,##,0,5,0.9,10,9,1,1
42,1,1,3,10,4#2#1#,1351#1167#900#,###,0,5,0.8,10,8,1,1
42,1,2,4,10,3#0#3#1#,5800#816#883#599#,####,0,5,0.7,5,3.5,0,0
42,1,3,2,10,6#1#,1265#1168#,##,0,5,0.7,15,10.5,1,1
42,1,4,4,10,4#1#1#1#,998#3617#1934#1633#,####,0,5,0.6,15,9,1,0
42,1,5,3,10,4#2#1#,2217#849#617#,###,0,5,0.6,20,12,1,1
42,1,6,2,10,6#1#,1715#734#,##,0,5,0.5,15,7.5,1,1
42,1,7,6,10,5#1#0#0#0#1#,1000#1117#867#1316#1650#1099#,######,0,5,0.5,20,10,1,1
42,1,8,2,10,2#5#,967#1649#,##,0,5,0.4,10,4,0,0
42,1,9,4,10,3#3#0#1#,846#1848#1216#1132#,####,0,5,0.4,20,8,1,1
42,1,10,3,10,5#1#1#,1599#983#967#,###,0,5,0.3,10,3,0,0
45,2,0,2,10,5#2#,1032#584#,##,0,1,0.9,2,1.8,1,1
45,2,1,2,10,0#7#,717#915#,##,0,1,0.8,2,1.6,1,1
45,2,2,2,10,5#2#,682#1500#,##,0,1,0.7,1,0.7,0,0
45,2,3,2,10,6#1#,1699#583016#,##,0,1,0.7,3,2.1,1,1
45,2,3,2,11,#,#,#,0,1,0.7,3,2.1,1,1
45,2,3,3,11,0#,2867#,#,0,1,0.7,3,2.1,1,1
45,2,3,3,11,#,#,#,0,1,0.7,3,2.1,1,1
45,2,3,3,11,#,#,#,0,1,0.7,3,2.1,1,1
45,2,3,3,11,#,#,#,0,1,0.7,3,2.1,1,1
45,2,3,11,11,0#0#0#0#0#0#0#0#,299#298#299#266#199#266#1284#2466#,########,0,1,0.7,3,2.1,1,1
45,2,3,11,11,#,#,#,0,1,0.7,3,2.1,1,1
45,2,3,11,11,#,#,#,0,1,0.7,3,2.1,1,1
45,2,3,11,11,#,#,#,0,1,0.7,3,2.1,1,1
45,2,3,11,11,#,#,#,0,1,0.7,3,2.1,1,1
45,2,3,11,11,#,#,#,0,1,0.7,3,2.1,1,1
45,2,3,11,11,#,#,#,0,1,0.7,3,2.1,1,1
45,2,3,11,11,#,#,#,0,1,0.7,3,2.1,1,1
46,3,0,2,10,1#6#,1234#1333#,##,0,5,0.9,10,9,1,1
46,3,1,2,6,5#1#,1534#949#,##,0,5,0.8,10,8,1,1
0,5,0.7,5,3.5,0,0
0,5,0.7,15,10.5,1,1
0,5,0.7,15,10.5,1,1
0,5,0.7,15,10.5,1,1
0,5,0.7,15,10.5,1,1
0,5,0.7,15,10.5,1,1
0,5,0.7,15,10.5,1,1
0,5,0.7,15,10.5,1,1
46,3,3,3,10,3#3#1#,1334#797#866#,###,0,5,0.7,15,10.5,1,1
47,4,0,1,10,7#,1165#,#,0,5,0.9,10,9,1,1
47,4,1,2,4,4#0#,467#717#,##,0,5,0.8,10,8,1,1
47,4,2,4,10,4#2#0#1#,1418#616#550#1866#,####,0,5,0.7,5,3.5,0,0
47,4,3,1,2,2#,1784#,#,0,5,0.7,15,10.5,1,1
47,4,3,1,2,#,#,#,0,5,0.7,15,10.5,1,1
51,0,0,3,6,4#2#0#,1501#1116#1283#,###,0,1,0.9,2,1.8,1,1
0,1,0.9,2,1.8,1,1
0,1,0.8,2,1.6,1,1
0,1,0.7,1,0.7,0,0
0,1,0.7,3,2.1,1,1
0,5,0.9,10,9,1,1
0,5,0.8,10,8,1,1
0,5,0.7,5,3.5,0,0
0,5,0.7,15,10.5,1,1
