5,0
,4,2,10,6#1#,1450#901#,## 
5,0
,5,3,6,2#1#3#,1433#617#398#,### 
5,0
,6,3,6,2#2#2#,1017#2499#1050#,### 
5,0
,7,3,10,5#1#1#,1184#849#2566#,### 
5,0
,8,3,4,2#2#0#,3384#1734#1782#,### 
5,0
,9,1,10,7#,2017#,# 
5,0
,10,3,10,4#2#1#,1100#683#2483#,### 
5,0
,11,2,10,5#2#,1450#2015#,## 
5,0
,12,3,5,3#2#0#,2017#849#1483#,### 
5,0
,13,2,10,6#1#,2599#1001#,## 
5,0
,14,3,10,4#2#1#,2482#784#2419#,### 
5,0
,15,2,10,6#1#,1216#899#,## 
,,15,2,10,6#1#,1216#899#,## 
7,2,4,3,10,4#2#1#,2066#983#1251#,### 
7,2,5,5,10,3#1#1#1#1#,5233#1133#766#683#699#,##### 
7,2,6,3,5,2#2#1#,1334#1850#2150#,### 
7,2,7,8,10,1#1#1#3#0#0#0#1#0#,1365#651#816#1082#282#284#250#2899#Fri Apr 24 2020 13:43:14 GMT-0400 (Eastern Daylight Time)#,######### 
7,2,8,2,10,6#1#,2499#1850#,## 
7,2,9,2,4,1#3#,884#816#,## 
7,2,4,4,10,3#1#2#1#,1915#3250#3100#1899#,#### 
7,2,5,3,10,4#1#2#,783#950#816#,### 
7,2,6,3,6,4#2#0#,1182#2200#1699#,### 
7,2,7,2,10,6#1#,1434#2132#,## 
7,2,8,9,10,3#2#0#0#0#1#0#0#1#,1633#1600#768#400#1583#466#3285#1399#1217#,######### 
7,2,9,2,3,2#1#,916#1549#,## 
31,0,1,3,6,2#4#0#,982#1649#2234#,###,0,1,0.8,2,1.6,1,1
31,0,2,3,5,4#0#1#,1883#2217#498#,###,0,1,0.7,1,0.7,0,0
31,0,3,3,6,5#1#0#,766#533#749#,###,0,1,0.7,3,2.1,1,1
31,0,4,3,2,2#0#0#,5334#1217#967#,###,0,1,0.6,3,1.8,1,0
31,0,5,3,10,4#1#2#,932#800#1315#,###,0,1,0.6,4,2.4,1,1
31,0,6,3,6,2#2#2#,1567#765#1318#,###,0,1,0.5,3,1.5,1,1
31,0,7,3,3,1#2#0#,1615#966#1200#,###,0,1,0.5,4,2,1,1
31,0,8,3,10,3#3#1#,815#1100#1067#,###,0,1,0.4,2,0.8,0,0
31,0,9,3,10,4#1#2#,2233#1334#1217#,###,0,1,0.4,4,1.6,1,1
31,0,10,2,6,4#2#,2050#983#,##,1,1,0.3,2,0.6,0,0
31,0,11,1,6,,,,0,1,0.3,2,0.6,0,1
,,11,1,6,,,,0,1,0.3,2,0.6,0,1
,,11,1,6,,,,0,1,0.3,2,0.6,0,1
,,11,1,6,,,,0,1,0.3,2,0.6,0,1
